100096055
100106538
101219670
101525771
102740492
103009298
103370672
103558903
103580866
104173181
104697187
105156725
105349974
105676706
106295045
106310822
106912434
107020804
107026433
107145264
107343474
107708284
107786502
107842627
107933166
109030521
109722245
110519505
110539965
110666455
110821365
111042095
111378213
112135259
112474430
112597319
112722143
112754050
112914190
113159986
113465649
113634923
114102829
114320110
115353783
115838925
116454841
116509891
116693259
117255248
117400570
117542860
117941750
119082643
119740575
120395246
121586426
121707438
121925702
122165475
122881114
123128958
123835396
123983439
124277672
124334410
124339727
124482540
124997641
125020744
125383652
125658049
126355654
126477037
126911149
127246083
127249737
127296255
127553048
127759147
128055622
128062967
128341386
128493348
129402811
129672302
129991578
130634475
130738133
130798694
132556621
132663128
132665772
132687942
132703228
132877723
132955027
133506913
134139736
134155152
135566223
136043721
136546609
137388706
137499960
137646188
137976103
138173033
138360574
138501191
139002529
139363538
139369173
139595058
139982208
140164722
141830910
142049969
142251862
142943527
143675011
144480539
144636299
145349293
145655561
147732725
148016293
148247483
148755657
149078763
150116914
150980567
151960838
152590596
152816907
153395132
153457195
153478999
154058859
154600098
155290604
155461863
156120123
156600072
156651057
157118041
157151527
157175541
157361242
158952349
160111063
160361228
160446226
160749623
160806689
161217620
162664921
162728564
162922241
163901203
163930657
164116044
164248409
164500079
164963994
166053947
166082637
166120027
166518313
166779948
166969634
167428380
167649182
167711602
167912005
168528485
169377163
169788736
170572711
171218532
171954078
172035150
172561830
172561830
173475488
174037896
174997972
175636120
175751653
175856361
176040029
176164939
176527579
176899085
176972874
177130567
177168187
177596523
177782606
177868070
178061202
178069430
178463533
179307721
180043860
180099603
180316622
180490280
180919184
180963145
181287184
181360903
181367786
181467392
181556118
181652219
182293730
182338411
183383754
183449398
183521354
183640394
183823734
183929456
183995105
184146808
184897564
185061881
185504027
185617299
186666375
186741470
187655263
187672724
187995651
188164477
188455235
189283733
189296269
189308877
189326292
189501898
189630309
189870927
189916356
190142886
190487389
190635412
191020744
191341687
191349912
191442464
191472842
191718883
191790308
192444414
192737166
192969237
193466532
194583228
194890500
195042879
195607708
195651268
195815819
195903701
196038273
196299563
196560568
196744707
197015369
197074902
197396510
197671939
197810265
197824344
197855579
198651200
198777173
199016482
199122697
19914687
199246668
199833023
200097684
201022412
201449778
201724713
201975613
202180124
202233787
202235383
203367609
203939937
204392006
204588889
204876190
204977236
205065224
205306410
205343635
205816573
205838810
206073228
206133027
206271396
206528535
206580940
206637124
206655388
206994700
207188174
207281568
207505750
207719342
208070162
208095756
208127068
208674495
208929124
209018545
209117957
209167132
209243746
209534799
209680275
210061618
210443290
210673646
210761970
210932646
211025579
211141601
211460241
211673311
211752618
212003979
212261801
212552727
213108864
213177680
213452041
213532705
213832767
213856333
214791719
214969781
215400192
215437432
215586414
215613088
215807645
215899310
215950344
216414426
216540622
216721409
216845220
216855286
216990494
217256296
217456561
217672403
217860740
218031529
218057379
218262519
218288786
218514128
218581228
218820679
218902603
219334498
219339258
219343627
219462003
219508236
219537990
219549551
220349201
220681902
220958429
221581406
221833180
221896906
221981532
221999057
222499735
222903611
222935944
222983813
223060890
223441837
223494795
224345655
225364600
225586778
225728030
225782226
225821886
226632449
226722161
227190671
227388887
227492032
227859512
228143086
228249021
228407123
228459989
229534123
22984768
230174884
230213084
230629459
230899425
231026530
231712547
231887062
231978990
232148009
232466460
232550057
233318374
233464565
233890771
234158713
234300015
234396424
234877828
235229201
235530293
235844283
236255466
237188020
237260206
237766816
237838129
237876809
237972639
238248153
238286651
238612246
238626477
238856158
239125058
239248559
239761879
239766697
24461551
24709501
25228685
25583270
25752920
30821053
32347781
32454860
33065386
40914585
49504717
51224827
51224827
52484825
52501554
53406884
54377162
56792207
57420870
59571610
60739459
64835509
65934137
66321932
67018895
67244584
67608288
67739616
68719506
68747297
69149583
69159572
69367395
69367395
69367395
69367395
71951412
72807984
72979216
73713798
75122643
75214084
75328902
75573299
75688727
75825022
76746452
76866964
77012989
77315125
77646653
79250694
79393131
79429680
79482952
803675
80953880
81536208
83405517
85839570
86564764
87843592
89971218
90140514
90389294
90516804
90561310
90823735
90985253
91382831
91845175
92196728
93101720
94210749
94746365
95849124
96154990
96903609
97089258
97242093
97813643
98097025
98357935
98441638
98450898
98974451
99290940
99382880
99615219
100577715
102293372
102490691
102963138
104377646
105317004
105831687
107051110
108452736
110587534
111800658
112274576
112707993
113333440
114430273
115740444
116400143
116454841
1165472
118208388
118571018
118929954
119301626
119440478
119626024
119989724
120572126
120647760
121257628
121952579
122348347
122774063
122774063
123755887
123755887
125020744
127638686
128556958
129587964
131020409
131232407
132640720
132667916
134025112
135164371
137789231
138745168
139230974
140010873
140247630
140529465
140642876
141085705
141422437
142323124
143032410
143218912
143275894
144982575
146208925
147904422
149465433
150061215
152290297
152414372
154464828
154773238
155748208
156873997
157059515
157151527
157151527
157151527
159359772
159887854
160037720
161441452
161441452
162746082
162900190
163402568
164855920
164855920
165562299
166775594
168832071
171182989
173273482
173279554
173666523
174666861
174770816
175007337
176272059
176619893
177239091
178329463
178413259
178650477
178729771
179526469
180280274
180963145
181702194
182057417
183786196
184111248
184266964
184266964
184333430
185066879
185200876
185264953
185270769
186053270
189494645
190477901
190840223
192021128
192593495
193184480
193466532
193466532
194580759
195092846
195473011
195801672
196560568
197020214
197957210
198212170
198323987
198794027
199591399
201736995
203079836
203147998
205102137
205779394
205906514
206073901
206642544
206642544
207505777
209456273
210635678
210636700
210740469
210761970
211303414
211362658
211987159
212741615
213730373
214601558
214791719
216964838
217079297
217156365
218306684
218896860
219957358
220173380
220173570
220999520
223404066
223600877
224409153
225526109
226144944
226726601
227824125
231302652
233151311
237108812
239439075
239832443
28470985
29892159
30373376
46853604
52038630
52387426
53045150
63118273
64588271
65609166
68685903
69230621
69367395
69759863
71108581
72609318
80182995
85273021
86350435
87946267
89049615
89166653
115577816
89166653
93625635
94975223
95205943
95737484
95876809
96700621
97343715
97875457
97925591
98120772
98193019
98797942
